5 5 ..32. 222.3 0..1. 2.2.. .2323
5 5 11011 101101 10101 010010 01101 000101 01101 010010 10101 101101 11011 
5 5 .223. .2.02 .3.2. 1.2.2 ..2..
5 5 10010 110110 01101 100001 01100 110101 01010 101011 00110 100001 11111 
5 5 .22.3 .22.. 3.2.. 1.0.. .333.
5 5 11101 100111 11000 001111 10001 111100 01011 100001 01010 111111 10101 
5 5 3.02. ..3.. .2.2. .3..1 .2...
5 5 10001 110011 01010 101101 10101 010010 01010 001100 11001 100111 11101 
5 5 3.02. .223. .2... ....1 .3333
5 5 10001 110011 01010 101101 10010 011011 10110 100001 01010 111111 10101 
5 5 2.... ..... .23.. ..01. .322.
5 5 10111 101001 00110 000011 00100 001111 11010 100001 01001 111010 10110 
5 5 2312. 2...2 22... 2.... 0233.
5 5 11001 101011 01010 110101 01001 101110 10101 010001 01010 001111 00101 
5 5 .2323 2...3 0...3 2..23 .1...
5 5 11011 101101 10101 010010 01101 000101 01001 011110 10101 100001 11111 
5 5 .2.2. .2.1. 30202 3.... ...2.
5 5 01110 010010 00101 011101 10100 100001 10101 011110 10100 100010 11110 
5 5 .232. .3... .2... 3..0. 3233.
5 5 11101 100111 01101 110000 01011 101101 10100 010001 10101 101110 11010 
5 5 3233. 3..02 32... .22.. 3.213
5 5 11010 101110 10101 010001 10100 101101 11001 000110 11101 100001 11111 
5 5 .202. 2..3. 2.... 2...2 .23..
5 5 10001 110011 01010 101101 10010 011011 00110 010001 10101 101110 11010 
5 5 .212. ....3 .2.03 1...3 ..2..
5 5 10011 110101 01001 101110 10101 010001 01001 001010 10101 110101 10011 
5 5 ..2.. .31.2 .22.. .20.. .333.
5 5 11100 100100 01011 111001 10010 001111 11010 100001 01010 111111 10101 
5 5 .202. 2.... 2..1. 2.3.. .21.3
5 5 10001 110011 01010 101101 10101 010010 00101 011101 10010 101011 11001 
5 5 ....3 .2... .2.03 .2223 ..2..
5 5 00111 001001 10001 111010 00001 111001 00101 110110 01001 101101 11011 
5 5 3..2. 22... 2.1.2 23.31 ..2.3
5 5 11110 100010 11101 000101 11101 100010 01010 111100 00011 111001 10111 
5 5 .202. .3.2. .2..3 ..... ....4
5 5 UNSAT
5 5 .232. ..2.. ..12. 12132 3.2.3
5 5 10110 111010 10101 000101 01011 011000 01010 000110 11001 101101 11011 
5 5 3..33 .2.2. ..3.3 .22.. .22.3
5 5 11101 100111 10010 010001 01010 001111 10101 110000 01111 100001 11111 
5 5 3.3.3 .3.3. 12... ....3 .3..3
5 5 10101 111111 00000 111111 01010 100001 01101 110110 01001 101101 11011 
5 5 ..22. 211.. ..121 .2132 33..3
5 5 01101 010111 10000 100111 01010 111001 01010 100111 01000 111111 10101 
5 5 .121. .232. 23.1. 1.... .3..2
5 5 11111 100001 00101 101110 01001 110101 01100 100001 01001 111010 10110 
5 5 33.2. ...32 .3222 222.. 32223
5 5 10111 111001 01010 100111 01000 111111 10000 001111 11000 100111 11101 
5 5 .31.. .3..2 223.. 3...2 ..3.3
5 5 11001 101011 01010 110101 01001 101110 10100 010010 10101 101101 11011 
5 5 ...1. 2.321 2..32 ..... 33.33
5 5 01111 010001 00100 011101 10010 101011 00110 100001 01010 111111 10101 
5 5 ..2.3 3.3.. 30.1. 3.3.3 .222.
5 5 11111 100001 10111 011000 10111 100001 10101 011110 10001 101101 11011 
5 5 3.... .3... .112. .3... ..2.3
5 5 10010 110110 01001 101101 11010 000011 10100 111111 01000 100111 11101 
5 5 .2... 20..3 3.... 312.3 .32.3
5 5 11011 101101 00101 100010 10101 011101 10001 101110 10001 011101 01011 
5 5 23213 2.22. 2.23. 2..12 .1...
5 5 01001 011011 10100 100111 01000 111111 01010 100001 11101 000110 00010 
5 5 .23.3 232.. 121.. ..2.. 32222
5 5 11101 100111 01100 110011 01110 100001 01010 111111 00010 111001 10111 
5 5 222.. 2.312 2.312 ..32. .2..3
5 5 11111 100001 01100 110101 00101 111010 00100 110110 01101 100001 11111 
7 7 ...3.2. ..21.2. .333..2 .2022.1 .2.2.13 .3.33.. ....122
7 7 1011001 11101011 1011010 00000101 1010101 11111010 0101010 10000100 1101101 00110011 1000100 11111111 0101010 10000001 1111111 
7 7 .32233. .0...22 .3...22 ..12... 3.3.... ....1.2 023333.
7 7 0100101 01101111 1011010 10000001 1010111 01111000 0100011 00011101 1100011 10111000 1010111 01000001 0101010 00111111 0010101 
7 7 ....2.. 23232.2 0212... ..2.... 31313.. ..1..2. ..3....
7 7 1111101 10000111 1011000 01101111 0101000 00010111 0100100 01111011 1000101 10110100 1010101 01001011 0101010 00110101 0010011 
7 7 .....2. 2.2.2.. 2.12232 3222.2. ....322 .220222 .23322.
7 7 1110111 10011001 1010010 01101111 0000000 01101111 1001010 10110001 1100111 00011000 0110111 01000001 1010110 10111011 1101001 
7 7 .32..3. 1.1222. 12.112. .3..3.. .122021 .2.3... .223..3
7 7 1011010 11101110 0100001 10001101 0011010 10100011 0100100 11001111 0111010 10000001 1011010 01101111 1001000 10110111 1101101 
7 7 0...2.. 2.1.2.3 22..3.3 ....2.2 .32221. .302.2. ..2..1.
7 7 0010011 00110101 0101101 01000010 1010101 10111101 0100011 11011000 0100111 10110001 0101101 11000110 0101101 10110001 1101111 
7 7 3...... ..3..22 ..2..22 .11233. 2....1. 1202... .333...
7 7 1001101 11010111 0010001 11100100 0010011 11010001 0001010 11001111 0010100 11110011 0101101 10000100 0101001 11111111 1010101 
7 7 .32..3. 2..3.2. ...223. ...2... 3..23.3 2...232 .202...
7 7 1011101 11100111 0101010 10011001 1110010 00001111 1101001 10110100 1000101 01111011 1000100 10110111 0101010 11001001 1000111 
7 7 .1..213 ...22.3 3023... 3..2.12 3...22. 3223... .1.....
7 7 0001111 00010001 0101101 01100110 1011001 10001101 1011011 01100000 1001101 10110111 1001001 01101100 1011001 10000111 1111101 
7 7 3..22.. ..33... 3112.1. ....3.. 31222.. 323.2.. .121...
7 7 1111011 10001101 1010010 01111011 1001000 10100011 1001100 01110111 1000100 10111011 1000001 01111000 1010101 10000111 1111101 
7 7 3.23.3. 2...31. .....2. .12...1 ..313.. .23.... 3..2...
7 7 1101010 10111110 1100001 00011101 1100101 10110010 1010110 01001000 1010101 10110111 1000101 01111000 1010010 10001110 1111010 
7 7 2...... ...3.2. .2...21 .2.3.2. ...0..3 2.21... 02.2..3
7 7 1011101 10100111 0011000 00001111 0011001 00100100 0101010 01011010 1010101 10100101 1010011 01010000 0100111 00111001 0010111 
7 7 3...1.3 32.3.3. ..21... 12.2.2. 2.3.322 ...13.. 3.22.2.
7 7 1101111 10110001 1001011 01101100 1011011 10000001 1110110 00011011 0100100 01110111 1010100 10001011 0110110 11010001 1001111 
7 7 ..1..3. 2.....2 31..22. ...122. 2..3... 1.32.12 .1..3..
7 7 0001010 00011110 0101001 01100101 1001010 10111011 1010100 01000111 1011001 10101100 0001011 10110001 0010100 10001101 1111011 
7 7 32..123 .23...2 3.2.... 12.3.3. 3.....3 ...23.3 3...22.
7 7 1110001 10010011 1100110 00111001 1010111 11000000 0111010 10001110 0111001 11000101 1010101 00111010 1100101 10010101 1110011 
7 7 2223.22 ..1.132 2...3.. .212..2 22....2 ...2.3. ...23..
7 7 1110111 10011001 0101010 11100111 1001000 00111111 1100101 10010000 1101011 00101101 1001010 11110011 0100110 10011001 1110111 
7 7 .21.... ..2.3.3 32.2212 .0.1... .32..3. .22.... .2.2..3
7 7 1001110 11010010 0100101 10111101 1000011 01111000 1010101 10000111 1011000 01101111 0101010 00010001 1110110 10001011 1111001 
7 7 222.33. .3....1 31....3 .2..... 221.... .31...2 3..3223
7 7 1110110 10011010 0100110 11110000 0010011 11000101 1010011 00110000 1100001 10010011 0101101 11100100 0001011 11111001 1010111 
10 10 .1..3..... 2..1..2322 21.3...31. 22.2.313.. .2.332..22 ..30..1... .13..2321. .2..2.2.2. .323..1.21 ..2..3322.
10 10 1110111111 10011000001 1010101101 01100110110 0011010100 01001001010 1011010101 10100110101 0101000101 11011111010 1010101010 00100000100 1010110101 11011011011 0010101000 11100100011 0001011110 11111000001 0100010110 10011111011 1110101001 
10 10 3..1.23... ...33..232 ...203..12 3133.21.22 ..1121...3 ..2.323... .23231.13. .21.223.2. 2.2...2..2 ....2.22..
10 10 1111110111 10000011001 1110101010 00011100111 0101010100 01100011011 1001010100 10111100111 1010101000 01000011111 0101100001 00110111100 1000101010 11111000010 0010110110 11000011000 0100101010 10101100110 1010011101 01011000001 0110111111 
10 10 2...2...3. 2.0.120.1. 2.32.32.2. 22....22.3 ....2.1..1 .20313.2.. .2.3..2113 ......31.. 2122123..2 .22.2..2..
10 10 1101101010 10110111110 0101010101 11001000001 0101010111 10110111000 1010100111 01001010001 0110101111 00010100000 1001010110 11001011010 0101010001 10110101001 1001001011 01101110100 0011001011 01000101001 1011011010 10101000111 1100111101 
10 10 .21322222. 2.2.21.13. ........22 ..2.2.02.3 012...02.. ..131..21. ....2..2.2 32...2.1.3 .02.212..3 .3..3.....
10 10 1001100111 11010101001 0101011011 10101000100 1010101010 01010111010 0101010101 00101000101 0010100001 00010100110 0101010101 01101011001 1001010011 10110101100 1001101011 01100010001 1011110101 10000001110 1010101001 01111110101 0101010011 
10 10 .....1.... 2..2322... 22322.2321 2.2.1..223 1........2 .2.12..... 3.2...2... .2.22.2233 323.3.31.. ...22..33.
10 10 1011111011 11100001101 1010101010 00011110011 1100000110 10111111001 0010010110 10001000011 1110001101 00011010100 0110110101 01000001011 1011111001 10100000000 1101111101 00010000111 1100101010 10111111001 1010000010 01001111111 0111010101 
10 10 ..3.223... 3.211.1.13 2......... 1......212 3...2.2..2 ..1.2..1.2 33...30.3. .1.3..1.2. 23........ ..2.2002.3
10 10 0110110110 01011011010 1010001001 10101000001 1000000111 01101001000 0100100111 00000100001 1010001100 11110110101 0100100001 10011010110 0101010000 11100100110 1011010010 00001010000 0101010110 01110101010 1000100101 10111000101 1101000011 
10 10 ..2...333. 2.2.1...12 2..3..32.2 2221..3... 33...2.3.. ..0.1..1.3 23..2...3. ..2.....2. .3.2.2.... ..2.31....
10 10 1001001010 11011011110 0010110101 11100000001 0101011010 10011101111 1100101010 00110010001 1000101011 11111101100 0101010101 10000010011 0101110010 11110000101 0000110011 11111010000 0000010111 11111101001 0100000010 10011101111 1110100101 
10 10 2.1..3..22 312...0222 .....22... 303.2...22 ...10..323 3.1......2 2.22132... 2..3...... ..2.2.3... .1..2.3.33
10 10 0100110110 01101011010 1001010101 10110100101 1001010010 01101010011 1010101010 10010101101 1010010001 01100011110 1011010101 10001100001 1101010110 00110011011 1100110101 10011000100 0101011011 11100101001 0010101010 11011010111 1001001101 
15 15 .22.22.3.33332. .3..2....1...2. 221..21..23...1 .22...11..23.22 .3.33332.2....2 1.20...111112.. .22.32..3.2...1 ..2.2321.1..1.2 22.212..3132..3 3.21233...31..3 1..1...2.1....3 223.2231......3 ...1...1123...2 ...1.1.222.1..2 32333....2.2...
15 15 111001110101011 1001010011111101 110010110010101 0011101001000010 010101010011010 0100010111101100 101110001010011 1010000100011001 010101001101010 1101111110100111 011010100011100 1000000010000011 011010100100101 1101111111101100 100000001011010 0001111100000010 011001001110101 0100100110011101 101101001010101 1010011101100010 110010101011101 0000100010000101 011010110111001 0101011001001110 101000100110101 1010010100010001 101110101110010 0100001010000111 101010110111010 1011110001001001 110101111000111 
15 15 .2..22....3.... 31...3..213.322 ..22.12...3.3.. 13...233203.212 2..21..111.23.3 .2...312...3113 ...212....13... 3.1....3.323... 2.3....22112..0 2221332...2...2 02....102....22 2..02....2..122 22.2.2...3..222 2.1......2..221 23..321333..2..
15 15 011011101011001 0101100111101011 100101100010100 1000010011010111 111001110010100 0001000001101011 010110101010110 0110011110010001 001110010010101 0100001000101110 101101001001001 1010110011110101 110001110001001 0000100001101110 100101010001010 1101011111110000 010001000101100 1011000110000100 101010101011010 0100111001101010 011001000000101 0001100001100101 011011101001010 0100000110111011 101011100100000 1011100011011011 010011010100110 1101001100110001 010101001000110 1010110111111011 110010010101001 
15 15 2......3.....23 .3.32...1...... .12.21...22.222 .2.3.2.2.31..32 ..1.21.13..3..3 ......3...21.3. .332...2.2....2 ...322.3232..3. 3.21.12.1.2..1. 2..3.....3.213. ....2..13.3...3 ...2..22..21.23 3.....2.3...... .3.31.......213 3.....23.3.3...
15 15 110001110111101 1010010011000111 010101110111100 1101100000000011 011011111110110 1000000000011001 101010101101011 0111111110100100 100100100101011 1010010011011001 110010101010011 0000101100101100 101001011100011 1111110000001001 010000010111010 1001110111000111 010101100110101 1110000010011000 101010110101010 0001111001100110 100100001001001 1100011010111101 101010101010001 0011100101001110 101011010010001 1100001011111101 010100101010101 1011100100000010 010001001010101 1101111111111101 100101010101011 
15 15 ...2....2.3...3 32......22...3. 2003..02.322.23 ..2.2...20....2 2....1...2....2 .3..20121..22.2 .2.2....322.3.. 3.......1..1.12 ...212..3..3... 3.21.3...2.223. ..3223.2....123 1.221.31..3..1. .2212.32..3.... 2.3....2....2.2 ..2..13........
15 15 111100011110111 1000100100011001 011011001110011 1101001110001100 100101010100011 0000110001101001 100100011011011 1101010100000100 011010101011011 1000101011101001 101000110010010 0111100001011111 010010010010000 0001010111101111 110100101000100 1010111000100011 100101010101000 0111000111011011 101011001010010 1000101100101101 101001010101010 0111110011010011 010001101010101 0001100100101100 111000101010100 1000101011010000 111010110110111 0001010000001001 111010111110010 1000101000011111 111100111110101 
