n=0

Hanoi 14_4

La potencia es: 268435456 
Depth		Nodes			Emp.Branching.Factor
0		1			3.000000
1		3			5.000000
2		15			5.000000
3		75			5.240000
4		393			5.366412
5		2109			5.446657
6		11487			5.517106
7		63375			5.566154
8		352755			5.608258
9		1978341			5.641695
10		11161197			5.670275
11		63287061			5.694406
12		360382215			0.000000
El numero de estados se supera en el nivel: 12 

n=1

hanoi 14_4

La potencia es: 268435456 
Depth		Nodes			Emp.Branching.Factor
0		1			3.000000
1		3			5.000000
2		15			4.600000
3		69			4.739130
4		327			4.871560
5		1593			4.935970
6		7863			5.002289
7		39333			5.048966
8		198591			5.088433
9		1010517			5.120170
10		5174019			5.147038
11		26630877			5.169660
12		137672583			0.000000
No se ha superado el número de estados.

n=0

Hanoi 16_4

La potencia es: 4294967296 
Depth		Nodes			Emp.Branching.Factor
0		1			3.000000
1		3			5.000000
2		15			5.000000
3		75			5.240000
4		393			5.366412
5		2109			5.446657
6		11487			5.517106
7		63375			5.566154
8		352755			5.608258
9		1978341			5.641695
10		11161197			5.670275
11		63287061			5.694406
12		360382215			0.000000
No se ha superado el número de estados.

n=1

hanoi 16 4

La potencia es: 4294967296 
Depth		Nodes			Emp.Branching.Factor
0		1			3.000000
1		3			5.000000
2		15			4.600000
3		69			4.739130
4		327			4.871560
5		1593			4.935970
6		7863			5.002289
7		39333			5.048966
8		198591			5.088433
9		1010517			5.120170
10		5174019			5.147038
11		26630877			5.169660
12		137672583			0.000000
No se ha superado el número de estados.

